version https://git-lfs.github.com/spec/v1
oid sha256:d0a8d454f9741590460d635ac7ae226a4a724d1fa2cc64eb2e3ed4002cd07f78
size 328904636
